delta=0.5---------------------------------------
1              1              1              
0.606531       0.5            0.666667       
0.367879       0.25           0.444444       
0.22313        0.125          0.296296       
0.135335       0.0625         0.197531       
0.082085       0.03125        0.131687       
0.0497871      0.015625       0.0877915      
0.0301974      0.0078125      0.0585277      
0.0183156      0.00390625     0.0390184      
0.011109       0.00195312     0.0260123      
0.00673795     0.000976562    0.0173415      
0.00408677     0.000488281    0.011561       
0.00247875     0.000244141    0.00770735     
0.00150344     0.00012207     0.00513823     
0.000911882    6.10352e-005   0.00342549     
0.000553084    3.05176e-005   0.00228366     
0.000335463    1.52588e-005   0.00152244     
0.000203468    7.62939e-006   0.00101496     
0.00012341     3.8147e-006    0.000676639    
7.48518e-005   1.90735e-006   0.000451093    
4.53999e-005   9.53674e-007   0.000300729    
2.75364e-005   4.76837e-007   0.000200486    
1.67017e-005   2.38419e-007   0.000133657    
1.01301e-005   1.19209e-007   8.91048e-005   
6.14421e-006   5.96046e-008   5.94032e-005   
3.72665e-006   2.98023e-008   3.96021e-005   
2.26033e-006   1.49012e-008   2.64014e-005   
1.37096e-006   7.45058e-009   1.76009e-005   
8.31529e-007   3.72529e-009   1.1734e-005    
5.04348e-007   1.86265e-009   7.82264e-006   
3.05902e-007   9.31323e-010   5.2151e-006    
1.85539e-007   4.65661e-010   3.47673e-006   
1.12535e-007   2.32831e-010   2.31782e-006   
6.8256e-008    1.16415e-010   1.54521e-006   
4.13994e-008   5.82077e-011   1.03014e-006   
2.511e-008     2.91038e-011   6.86761e-007   
1.523e-008     1.45519e-011   4.57841e-007   
9.23745e-009   7.27596e-012   3.05227e-007   
5.6028e-009    3.63798e-012   2.03485e-007   
3.39827e-009   1.81899e-012   1.35657e-007   
delta=1---------------------------------------
1              1              1              
0.367879       0              0.5            
0.135335       0              0.25           
0.0497871      0              0.125          
0.0183156      0              0.0625         
0.00673795     0              0.03125        
0.00247875     0              0.015625       
0.000911882    0              0.0078125      
0.000335463    0              0.00390625     
0.00012341     0              0.00195312     
4.53999e-005   0              0.000976562    
1.67017e-005   0              0.000488281    
6.14421e-006   0              0.000244141    
2.26033e-006   0              0.00012207     
8.31529e-007   0              6.10352e-005   
3.05902e-007   0              3.05176e-005   
1.12535e-007   0              1.52588e-005   
4.13994e-008   0              7.62939e-006   
1.523e-008     0              3.8147e-006    
5.6028e-009    0              1.90735e-006   
delta=2---------------------------------------
1              1              1              
0.135335       -1             0.333333       
0.0183156      1              0.111111       
0.00247875     -1             0.037037       
0.000335463    1              0.0123457      
4.53999e-005   -1             0.00411523     
6.14421e-006   1              0.00137174     
8.31529e-007   -1             0.000457247    
1.12535e-007   1              0.000152416    
1.523e-008     -1             5.08053e-005   
