0.1
0.01
0.001
0.0001
1e-005
9.99924e-007
1.01088e-007
-1.21549e-008
1.65481e-007
1.65481e-007
1.65481e-007
0.000177801
-0.00159856
-0.00159856
0.220446
-2
-2
-2
----------------------------------
0.0999908
0.00996399
0.000808716
0.00271606
-0.0926514
-0.0926514
-2
-2
-2
-2
-2
-2
-2
-2
-2
-2
-2
-2
----------------------------------
4.44089e-016
1.33227e-015
-1.65201e-013
-7.76268e-013
1.99885e-012
1.99885e-012
5.751e-011
-6.60383e-009
5.44584e-008
1.65481e-007
1.65481e-007
6.67789e-005
-0.000488333
-0.00159856
0.109424
-0.889777
-2
-2
----------------------------------
-1.90735e-006
-4.95911e-005
-0.000144958
0.00271606
-0.0926514
-0.0926514
-2
-2
-2
-2
-2
-2
-2
-2
-2
-2
-2
-2
----------------------------------
