HP6.2
groud truth delta = 0.5
1
0.606531
0.367879
0.22313
0.135335
0.082085
0.0497871
0.0301974
0.0183156
0.011109
0.00673795
0.00408677
0.00247875
0.00150344
0.000911882
0.000553084
0.000335463
0.000203468
0.00012341
7.48518e-05
4.53999e-05
2.75364e-05
1.67017e-05
1.01301e-05
6.14421e-06
3.72665e-06
2.26033e-06
1.37096e-06
8.31529e-07
5.04348e-07
3.05902e-07
1.85539e-07
1.12535e-07
6.8256e-08
4.13994e-08
2.511e-08
1.523e-08
9.23745e-09
5.6028e-09
3.39827e-09
2.06115e-09
back ward Euler delta = 0.5
0.666667
0.444444
0.296296
0.197531
0.131687
0.0877915
0.0585277
0.0390184
0.0260123
0.0173415
0.011561
0.00770735
0.00513823
0.00342549
0.00228366
0.00152244
0.00101496
0.000676639
0.000451093
0.000300729
0.000200486
0.000133657
8.91048e-05
5.94032e-05
3.96021e-05
2.64014e-05
1.76009e-05
1.1734e-05
7.82264e-06
5.2151e-06
3.47673e-06
2.31782e-06
1.54521e-06
1.03014e-06
6.86761e-07
4.57841e-07
3.05227e-07
2.03485e-07
1.35657e-07
trapezoidal Euler delta = 0.5
0.6
0.36
0.216
0.1296
0.07776
0.046656
0.0279936
0.0167962
0.0100777
0.00604662
0.00362797
0.00217678
0.00130607
0.000783642
0.000470185
0.000282111
0.000169267
0.00010156
6.0936e-05
3.65616e-05
2.1937e-05
1.31622e-05
7.8973e-06
4.73838e-06
2.84303e-06
1.70582e-06
1.02349e-06
6.14094e-07
3.68457e-07
2.21074e-07
1.32644e-07
7.95866e-08
4.7752e-08
2.86512e-08
1.71907e-08
1.03144e-08
6.18865e-09
3.71319e-09
2.22792e-09
groud truth delta = 0.1
1
0.904837
0.818731
0.740818
0.67032
0.606531
0.548812
0.496585
0.449329
0.40657
0.367879
0.332871
0.301194
0.272532
0.246597
0.22313
0.201897
0.182684
0.165299
0.149569
0.135335
0.122456
0.110803
0.100259
0.090718
0.082085
0.0742736
0.0672055
0.0608101
0.0550232
0.0497871
0.0450492
0.0407622
0.0368832
0.0333733
0.0301974
0.0273237
0.0247235
0.0223708
0.0202419
0.0183156
0.0165727
0.0149956
0.0135686
0.0122773
0.011109
0.0100518
0.00909528
0.00822975
0.00744658
0.00673795
0.00609675
0.00551656
0.00499159
0.00451658
0.00408677
0.00369786
0.00334597
0.00302755
0.00273944
0.00247875
0.00224287
0.00202943
0.0018363
0.00166156
0.00150344
0.00136037
0.00123091
0.00111378
0.00100779
0.000911882
0.000825105
0.000746586
0.000675539
0.000611253
0.000553084
0.000500451
0.000452827
0.000409735
0.000370744
0.000335463
0.000303539
0.000274654
0.000248517
0.000224867
0.000203468
0.000184106
0.000166586
0.000150733
0.000136389
0.00012341
0.000111666
0.000101039
9.14242e-05
8.27241e-05
7.48518e-05
6.77287e-05
6.12835e-05
5.54516e-05
5.01747e-05
4.53999e-05
4.10796e-05
3.71703e-05
3.36331e-05
3.04325e-05
2.75364e-05
2.4916e-05
2.25449e-05
2.03995e-05
1.84582e-05
1.67017e-05
1.51123e-05
1.36742e-05
1.23729e-05
1.11955e-05
1.01301e-05
9.16609e-06
8.29382e-06
7.50456e-06
6.7904e-06
6.14421e-06
5.55951e-06
5.03046e-06
4.55174e-06
4.11859e-06
3.72665e-06
3.37202e-06
3.05113e-06
2.76077e-06
2.49805e-06
2.26033e-06
2.04523e-06
1.8506e-06
1.67449e-06
1.51514e-06
1.37096e-06
1.2405e-06
1.12245e-06
1.01563e-06
9.18981e-07
8.31529e-07
7.52398e-07
6.80798e-07
6.16012e-07
5.5739e-07
5.04348e-07
4.56353e-07
4.12925e-07
3.7363e-07
3.38074e-07
3.05902e-07
2.76792e-07
2.50452e-07
2.26618e-07
2.05052e-07
1.85539e-07
1.67883e-07
1.51907e-07
1.37451e-07
1.24371e-07
1.12535e-07
1.01826e-07
9.2136e-08
8.33681e-08
7.54346e-08
6.8256e-08
6.17606e-08
5.58833e-08
5.05653e-08
4.57534e-08
4.13994e-08
3.74597e-08
3.38949e-08
3.06694e-08
2.77508e-08
2.511e-08
2.27205e-08
2.05583e-08
1.86019e-08
1.68317e-08
1.523e-08
1.37807e-08
1.24693e-08
1.12826e-08
1.0209e-08
9.23745e-09
8.35839e-09
7.56298e-09
6.84327e-09
6.19205e-09
5.6028e-09
5.06962e-09
4.58718e-09
4.15065e-09
3.75567e-09
3.39827e-09
3.07488e-09
2.78227e-09
2.5175e-09
2.27793e-09
back ward Euler delta = 0.1
0.909091
0.826446
0.751315
0.683013
0.620921
0.564474
0.513158
0.466507
0.424098
0.385543
0.350494
0.318631
0.289664
0.263331
0.239392
0.217629
0.197845
0.179859
0.163508
0.148644
0.135131
0.122846
0.111678
0.101526
0.092296
0.0839055
0.0762777
0.0693433
0.0630394
0.0573086
0.0520987
0.0473624
0.0430568
0.0391425
0.0355841
0.0323492
0.0294083
0.0267349
0.0243044
0.0220949
0.0200863
0.0182603
0.0166002
0.0150911
0.0137192
0.012472
0.0113382
0.0103074
0.00937041
0.00851855
0.00774414
0.00704013
0.00640011
0.00581829
0.00528935
0.0048085
0.00437136
0.00397397
0.0036127
0.00328427
0.0029857
0.00271427
0.00246752
0.0022432
0.00203927
0.00185388
0.00168535
0.00153214
0.00139285
0.00126623
0.00115112
0.00104647
0.000951336
0.000864851
0.000786228
0.000714753
0.000649775
0.000590705
0.000537004
0.000488186
0.000443805
0.000403459
0.000366781
0.000333438
0.000303125
0.000275568
0.000250517
0.000227742
0.000207038
0.000188217
0.000171106
0.000155551
0.00014141
0.000128555
0.000116868
0.000106243
9.6585e-05
8.78045e-05
7.98223e-05
7.25657e-05
6.59688e-05
5.99717e-05
5.45197e-05
4.95634e-05
4.50576e-05
4.09615e-05
3.72377e-05
3.38524e-05
3.07749e-05
2.79772e-05
2.54338e-05
2.31217e-05
2.10197e-05
1.91088e-05
1.73717e-05
1.57924e-05
1.43567e-05
1.30516e-05
1.18651e-05
1.07864e-05
9.80585e-06
8.91441e-06
8.10401e-06
7.36728e-06
6.69753e-06
6.08866e-06
5.53514e-06
5.03195e-06
4.5745e-06
4.15864e-06
3.78058e-06
3.43689e-06
3.12444e-06
2.8404e-06
2.58219e-06
2.34744e-06
2.13404e-06
1.94003e-06
1.76367e-06
1.60333e-06
1.45758e-06
1.32507e-06
1.20461e-06
1.0951e-06
9.95544e-07
9.0504e-07
8.22764e-07
7.47967e-07
6.7997e-07
6.18155e-07
5.61959e-07
5.10872e-07
4.64429e-07
4.22208e-07
3.83825e-07
3.48932e-07
3.17211e-07
2.88374e-07
2.62158e-07
2.38325e-07
2.16659e-07
1.96963e-07
1.79057e-07
1.62779e-07
1.47981e-07
1.34528e-07
1.22299e-07
1.11181e-07
1.01073e-07
9.18848e-08
8.35316e-08
7.59378e-08
6.90344e-08
6.27585e-08
5.70532e-08
5.18666e-08
4.71514e-08
4.28649e-08
3.89681e-08
3.54256e-08
3.22051e-08
2.92773e-08
2.66157e-08
2.41961e-08
2.19965e-08
1.99968e-08
1.81789e-08
1.65263e-08
1.50239e-08
1.36581e-08
1.24164e-08
1.12877e-08
1.02615e-08
9.32866e-09
8.4806e-09
7.70963e-09
7.00876e-09
6.3716e-09
5.79236e-09
trapezoidal Euler delta = 0.1
0.904762
0.818594
0.740633
0.670096
0.606278
0.548537
0.496295
0.449029
0.406264
0.367573
0.332566
0.300893
0.272236
0.246309
0.222851
0.201627
0.182425
0.165051
0.149332
0.13511
0.122242
0.1106
0.100067
0.0905364
0.0819139
0.0741126
0.0670542
0.0606681
0.0548902
0.0496626
0.0449328
0.0406535
0.0367817
0.0332787
0.0301093
0.0272418
0.0246473
0.0222999
0.0201761
0.0182546
0.0165161
0.0149431
0.01352
0.0122323
0.0110674
0.0100133
0.00905967
0.00819684
0.00741619
0.00670989
0.00607085
0.00549268
0.00496956
0.00449627
0.00406806
0.00368062
0.00333009
0.00301293
0.00272599
0.00246637
0.00223148
0.00201896
0.00182668
0.00165271
0.00149531
0.0013529
0.00122405
0.00110747
0.001002
0.00090657
0.00082023
0.000742113
0.000671436
0.000607489
0.000549633
0.000497287
0.000449927
0.000407076
0.000368307
0.00033323
0.000301494
0.00027278
0.000246801
0.000223296
0.00020203
0.000182789
0.000165381
0.00014963
0.00013538
0.000122486
0.000110821
0.000100267
9.07174e-05
8.20776e-05
7.42607e-05
6.71883e-05
6.07894e-05
5.49999e-05
4.97618e-05
4.50226e-05
4.07347e-05
3.68552e-05
3.33452e-05
3.01695e-05
2.72962e-05
2.46966e-05
2.23445e-05
2.02165e-05
1.82911e-05
1.65491e-05
1.4973e-05
1.3547e-05
1.22568e-05
1.10895e-05
1.00333e-05
9.07778e-06
8.21323e-06
7.43101e-06
6.7233e-06
6.08299e-06
5.50365e-06
4.9795e-06
4.50526e-06
4.07619e-06
3.68798e-06
3.33674e-06
3.01896e-06
2.73144e-06
2.4713e-06
2.23594e-06
2.02299e-06
1.83033e-06
1.65601e-06
1.49829e-06
1.3556e-06
1.22649e-06
1.10969e-06
1.004e-06
9.08382e-07
8.2187e-07
7.43596e-07
6.72778e-07
6.08703e-07
5.50732e-07
4.98281e-07
4.50826e-07
4.0789e-07
3.69043e-07
3.33896e-07
3.02097e-07
2.73326e-07
2.47295e-07
2.23743e-07
2.02434e-07
1.83154e-07
1.65711e-07
1.49929e-07
1.3565e-07
1.22731e-07
1.11042e-07
1.00467e-07
9.08987e-08
8.22417e-08
7.44091e-08
6.73225e-08
6.09109e-08
5.51098e-08
4.98613e-08
4.51126e-08
4.08162e-08
3.69289e-08
3.34119e-08
3.02298e-08
2.73508e-08
2.47459e-08
2.23892e-08
2.02569e-08
1.83276e-08
1.65821e-08
1.50029e-08
1.3574e-08
1.22813e-08
1.11116e-08
1.00534e-08
9.09592e-09
8.22964e-09
7.44587e-09
6.73674e-09
6.09514e-09
5.51465e-09
4.98945e-09
4.51426e-09
4.08433e-09
3.69535e-09
3.34341e-09
3.02499e-09
2.7369e-09
2.47624e-09
2.24041e-09