Runnig with DevC++5.11 under Windows 10
#Note2_19
 inf nan
 
#Note2_19_2
 unhandled win32 exception
 
#Note2_20
2,2
3,6
4,24
5,120
6,720
7,5040
8,40320
9,362880
10,3628800
11,39916800
12,479001600
13,1932053504
14,1278945280
15,2004310016
16,2004189184
17,-288522240
18,-898433024
19,109641728
----------------------------
20,5482086
19,288530
18,16029
17,942
16,58
15,3
14,0
13,0
12,0
11,0
10,0
9,0
8,0
7,0
6,0
5,0
4,0
3,0
2,0

#Note2_22
test[i]:isPostiveZero, isNegativeZero, isINF, isNINF, isNaN
0 represents false, 1 represents true.
1:0,0,0,0,0
-1:0,0,0,0,0
inf:0,0,1,0,0
-inf:0,0,0,1,0
0:1,0,0,0,0
-0:0,1,0,0,0
inf:0,0,1,0,0
-inf:0,0,0,1,0
nan:0,0,0,0,1

#Note2_26
1.23457e-308
1.23457e-309
1.23457e-310
1.23457e-311
1.23457e-312
1.23457e-313
1.23457e-314
1.23457e-315
1.23457e-316
1.23457e-317
1.23457e-318
1.23457e-319
1.23467e-320
1.23516e-321
1.23516e-322
9.88131e-324
0
0
0




